,puismaxinstallee
1504,880000.0
1506,880000.0
1507,910000.0
1508,910000.0
4745,915000.0
4746,915000.0
4750,915000.0
4752,915000.0
6242,1310000.0
6243,1310000.0
13506,1310000.0
13507,1310000.0
19574,915000.0
19577,915000.0
19586,915000.0
19587,915000.0
24913,910000.0
24914,910000.0
24915,910000.0
24920,910000.0
30181,1335000.0
30183,1335000.0
32422,915000.0
32424,915000.0
35383,890000.0
35384,890000.0
35385,890000.0
35386,890000.0
38724,1330000.0
38725,1330000.0
42203,1300000.0
42204,1300000.0
42206,1300000.0
42207,1300000.0
43570,910000.0
43571,910000.0
43572,910000.0
43573,910000.0
43574,910000.0
43575,910000.0
54568,1330000.0
54569,1330000.0
54570,1330000.0
54571,1330000.0
54574,1330000.0
54575,1330000.0
58272,1310000.0
58275,1310000.0
62960,1495000.0
62974,1495000.0
